1111521 (5) == 521 (8)
211521 (8) == 521 (5)
21111111111111111111111111187542 (35) == 87542 (38)
21187542 (38) == 87542 (35)
211111111111521000 (50) == 521000 (80)
211111111111111111111111111111521000 (80) == 521000 (50)
2111111111111111111113311000 (101) == 3311000 (110)
28621100 (102) == 8621100 (201)
211111113311000 (110) == 3311000 (101)
211111111111111111111111111111111111111111111111111111111111111111119765532 (178) == 9765532 (196)
2111111111111111119765532 (196) == 9765532 (178)
211118621100 (201) == 8621100 (102)
2111111111111111111198763110 (221) == 98763110 (227)
21111198763110 (227) == 98763110 (221)
21111111111111111111111111111199765431 (257) == 99765431 (455)
277532111 (258) == 77532111 (417)
21111111111111